3,2
3,1
3,3
10,127
10,223
10,187
10,219
10,179
10,259
11,12
11,4
8,16
8,7
8,9
8,4
8,2
8,3
26,3
26,1
20,3
20,2
20,1
19,3
19,2
19,1
12,3
12,2
12,1
11,30
11,29
11,28
11,27
11,26
11,24
11,23
11,22
11,21
11,20
11,19
11,18
11,17
11,16
11,15
11,14
11,13
11,11
11,8
11,6
11,5
11,3
11,2
11,1
10,311
10,308
10,305
10,304
10,303
10,302
10,293
10,284
10,274
10,270
10,268
10,242
10,232
10,221
10,210
10,194
10,192
10,184
10,172
10,153
18,1
10,140
18,3
14,1
10,118
14,3
13,1
13,3
10,104
10,86
10,82
10,34
10,33
10,23
2,2
2,1
10,6
